pick_up_loc:
  tx: 1.171958
  ty: -2.591458
  tz: 0.0
  qx: 0.0
  qy: 0.0
  qz: 0.0
  qw: 2.0

drop_off_loc:
  tx: -1.882383
  ty: 1.666268
  tz: 0.0
  qx: 0.0
  qy: 0.0
  qz: 0.0
  qw: 2.0
